1
55
43
24
76
58
27
50
84
31
96
74
70
90
75
33
38
92
47
2
51
33
58
97
34
48
9
75
71
13
66
32
5
44
53
2
40
98
54
64
42
71
12
31
32
97
31
61
97
55
77
49
79
58
71
32
82
64
100
85
72
68
6
25
71
7
94
7
63
56
27
27
93
32
30
22
65
90
86
67
42
26
40
79
49
77
96
13
69
18
17
65
47
66
28
72
87
76
12
9
52
44
14
93
67
7
38
79
15
40
47
63
41
59
66
82
49
21
78
11
2
22
29
66
25
97
20
4
2
22
17
21
76
13
44
51
51
27
85
73
93
60
83
0
23
46
42
90
28
64
28
38
50
27
62
81
93
93
31
94
23
57
77
94
62
56
5
36
94
65
78
16
64
1
21
71
76
19
17
76
93
15
11
48
40
26
7
42
0
27
68
54
18
35
19
21
98
5
43
18
3
33
85
62
58
56
49
8
46
49
98
52
12
28
57
31
60
50
9
20
53
11
100
35
16
46
31
33
33
31
68
10
47
82
35
0
62
56
16
82
44
49
54
69
14
95
53
19
59
73
79
27
21
96
53
30
4
22
62
3
74
46
48
63
53
5
16
65
25
74
29
5
35
70
12
20
87
48
48
85
44
4
82
17
31
75
18
71
31
36
19
43
89
4
10
70
9
34
74
27
54
22
56
31
49
5
60
37
77
58
49
41
83
97
48
80
71
79
40
29
4
100
71
4
7
95
42
62
64
40
19
99
18
51
26
49
73
85
47
91
95
38
25
38
5
44
64
48
90
82
30
16
92
65
44
79
15
51
93
12
25
35
19
32
44
54
27
94
56
83
80
94
6
39
3
69
98
77
79
94
95
93
53
86
22
24
29
100
62
45
70
32
60
73
1
19
20
63
5
36
5
11
27
100
40
54
71
66
8
67
0
30
54
66
39
29
82
8
71
38
55
89
42
73
98
44
53
91
95
49
70
88
89
20
17
98
84
14
78
100
46
27
96
7
96
93
75
77
21
91
81
5
63
34
35
28
26
80
24
21
76
24
90
1
35
3
38
23
87
92
31
83
77
8
94
18
9
6
10
3
46
82
24
55
13
73
40
29
93
54
21
21
31
42
92
68
31
92
36
45
56
100
98
69
31
3
82
95
39
76
51
19
25
35
30
78
93
37
2
47
6
78
13
42
89
93
64
20
26
58
21
77
60
89
8
47
95
43
9
9
97
16
67
76
87
42
86
6
52
100
32
94
34
3
26
77
37
9
55
30
27
13
61
70
26
52
49
52
18
1
82
72
48
77
85
67
20
35
41
12
97
71
95
24
4
22
51
58
24
63
72
10
2
11
83
17
42
21
67
54
7
89
69
38
22
52
93
24
70
85
2
8
96
4
21
27
4
66
33
56
57
67
84
11
80
42
75
49
57
67
72
66
31
58
99
96
6
72
40
18
48
5
38
45
78
91
97
35
83
9
83
83
5
72
17
26
48
38
86
39
78
2
32
39
17
1
60
81
49
10
33
61
19
46
76
16
31
64
72
21
48
60
66
93
95
71
62
87
55
72
23
99
73
80
74
66
53
50
98
63
58
78
40
7
13
1
4
53
1
94
53
97
67
73
12
76
15
95
64
65
8
56
55
80
71
91
86
78
88
76
23
55
2
27
90
45
17
1
71
27
99
94
9
14
69
40
8
64
14
18
34
72
76
41
8
75
59
67
17
48
29
91
3
8
8
50
71
10
80
19
84
50
90
15
67
65
42
93
3
30
99
49
37
62
86
20
73
16
86
81
74
88
44
49
65
15
64
79
29
72
9
67
11
76
4
50
15
82
32
3
4
86
38
42
3
25
26
24
95
74
59
45
26
49
62
40
97
7
19
85
74
44
73
96
81
94
28
30
2
36
50
83
80
83
60
89
19
93
45
27
85
61
47
10
99
24
70
96
48
57
80
80
74
77
99
99
82
39
11
28
35
39
61
84
58
14
53
22
34
39
50
38
8
31
77
69
84
45
17
90
25
77
15
18
56
64
75
8
60
81
60
56
82
45
95
99
26
11
63
12
55
75
9
11
94
74
37
53
26
83
10
34
97
18
53
89
8
36
50
94
25
33
44
65
72
43
39
59
33
45
1
72
51
52
51
38
30
22
76
36
36
50
18
79
90
73
81
25
79
66
31
69
45
46
90
48
93
68
42
37
86
28
32
53
49
63
64
51
65
48
1
27
79
100
68
18
95
74
48
99
76
66
86
87
47
13
86
37
91
90
11
45
53
14
86
48
37
40
94
21
6
64
80
80
85
23
48
82
57
92
61
23
68
87
44
38
19
65
81
3
76
22
15
34
63
92
50
88
64
54
52
61
22
21
42
87
41
51
7
45
87
39
89
48
81
22
92
54
10
75
82
58
16
15
81
97
4
97
73
46
37
17
3
22
40
12
75
80
96
57
52
16
50
69
59
67
6
3
79
8
27
55
57
56
38
62
97
66
22
99
62
34
24
83
77
97
48
69
25
30
57
53
51
49
76
72
59
11
88
1
12
12
39
56
35
87
30
94
12
12
27
11
86
3
54
41
61
17
95
63
3
50
93
90
33
36
52
80
38
54
38
28
60
17
72
71
3
83
41
84
33
47
87
84
72
46
15
26
4
55
88
6
74
91
31
61
86
9
27
66
3
5
21
38
50
16
17
32
10
17
78
44
28
25
29
11
8
95
53
8
